1.042500000000000000e+02 1.138065945318995773e+02 1.051510096810751094e+02 1.076068445142993966e+02 1.015153268536092668e+02 1.034485100626661165e+02
1.138065945318995773e+02 1.589298408532441442e+02 1.123264490225064378e+02 1.176037400377945659e+02 1.152519150644269246e+02 1.142777497217324481e+02
1.051510096810751094e+02 1.123264490225064378e+02 1.398131008557310224e+02 1.109635246129125647e+02 1.035367447783716983e+02 1.073120501852448996e+02
1.076068445142993966e+02 1.176037400377945659e+02 1.109635246129125647e+02 1.461729275459871928e+02 1.071093588851195335e+02 1.077680241462217055e+02
1.015153268536092668e+02 1.152519150644269246e+02 1.035367447783716983e+02 1.071093588851195335e+02 1.338522188645115705e+02 1.000967584184268304e+02
1.034485100626661165e+02 1.142777497217324481e+02 1.073120501852448996e+02 1.077680241462217055e+02 1.000967584184268304e+02 1.369397570760131089e+02
